³26 0001 m compium 1111111111111111111..

μψψμηψπωπωηηωμη
1111ω111Μο-11Μοω
-ffippwaefflwum-mwfflm

011111111111111 1, 1. 3 (lib. 11. not. 1. 3). - 2,1
-9 (11. 5). - 3, 13. 31 (111. 31. 37). - 1, 7-18. 17-
18 (11. 26. 6). - 5, 2-8 (11.7). - 7, 30 (11. 10). -— 8,
50 (11. 25). - 9,1-7 (11. 11). - 10, 311 (11. 16). -
11, 1-11. 39 (11. 12. 11. 25), - 12, 31 (11. 11). - 13,
5. 23. 27 (11. 27. 28. 29). - 11, 28 (11. 15). - 15, 1-2
(11, 18). - 18, 10. 10-11 (1.105.11.19).- 20, 15. 17
(11301. 183).- 21, 11 (11. 22).

11. allegati.

1111111110, 201011, 11112), 25, 23 (1. 89)-,1111-
111119,18(11.9).-·-1111111)1111111110,5 (11. 9) -··
Ρε111111111118,5(1.77). 33,11(1.127)11,2.10(11.2.
1109). 08, 16 (1. 80). 123, 7 (1. 87). 136, 9 (1. 11) 119,
0 (1421). -n 11111110, 9 (11. 21). 35,5 (1. 90). 10, 1. 0
(1. 16. 11, 19). —· Ezechielis 11, 13 (1.19), 18, 211111.
(1. 107), 83, ,11 (ΠΙ. 25).

111. 1111111111 5, 3 sqq. 11 (111. 11. 1. 85). 7, 8 (11. 12).
8, 22 (11.11). 10, 31 (11. 20). 11, 5. 13 (1901117). 13,
38 (1. 71). 11, 31 (1. 125. 111. 7). 18, 11,(1. 101). 22, 37.
39 (11. 9). 23, 38 (11. 18). 27, 2128 (111. 29). - 111111
1, 3 (1.1). - 1111111, 6. 27 (111. 16. 26). 9, 69 (11.11).
12, 19 (1. 21). 10, 16 (111. 56). 17, 21 (111. 13), 18, 22 (111.
10111ωοηηω1ῃ4111ηο
ω1111ωο111ωο1111
81)· 16, 15 (1. 137). 21, 0 (1. 96).

1111111111 apost 1,7 7.(1 110). 2, 3,(1. 23), 9, 1-5,
(111. 52). 22, 3. 10 (111. 17. 53).

Ep. 1101111113, 23(1. 09. 91). 8, ,.11(1 190) 9,13
(1.89),10,18(177).-11011111111113,1.-2 0.
10 (1.135. 139. 27). 7, 31 (1. 112). 8,1(11.2). 101Πο
10) 11,3(1.1·.1) 11,11(1.15).15,51(1.111).-
011111111111.1,7(1.103).0100. 27). 11, 2-3(1. 111).
- 1110111111 3, 20 (1. 106).- 10010111111, 15
(11136). 5, 8(1.05).8,15(111.23).-1110111111111-
1112, 0-7. 9-10 1(1.11.112).3,7-8(11161).-111
01ῧ1ἓ111111131).2,9 (1038),- 1111111111111111111

1111111οἱ 1, 0 (11.8). - Petri L 5, 5 (11. 8). -’
ΜωυΛαω ,

 

