“ ΜΞ IV. INDEX scnm'oRUII.

1411441111411. 11. 28. 8111141 24. 126.
14141114 271. 8111111441 47.
1411411114 146. 149. SIurz 113. 135. 182.
141111444111141. 81144113. 14. 77. 82. 81279.
14411 XXIX. XXXV. 8. 15. 80. 04. Sykes 24.
109. 122. 131. · 444441 24. 40.
14111205. 233. 1414141411 XXXVI.
1111114143. 47. Thilo 38. 122.
111141 137. 14111144 8.
11444444] XXXIV. 4144411111 4. ¹
1111411111 9. - 11441414111 XVIII. 2. 3. 7. 11. 81.
14154141 235. 88. 135. 137. 145. 102.
1441144114 62. 203. 264. 1111 68. 178.
1441144441 240. ’.1141111141 XXXVII. 19. 266.
4444114 186. 4144411111 30. 122.
144144 119. 1114441141 180.
144414111111114114. 17. 114411114441 V.
44644441 XXXVI. Valesius 122.
44114 44. 46. 53. 123. 128. 363. 1111141279. 316.
441114 82. . ’ .. 14141114 VIII.
· 44114414 280. 1414114 201.
gangren& 255. 255. 266. 217. Deffiigffles XXVII. 211. 247. 285.
4 41 . .
84444111 XX. XXIII. XXVIII. ⁴ Volkmann 165. 171. 172.
Schneidewin 71. 180. 1144 (1.11. 1411141444. 64. - 8. 272.
84411144168. -— 14. 116. 199. ·
scultetus XXXV. Wagner 72. 73. 74. 1711177. 178.·
844441 92. 256. · 180. 181. 206.
8411141439. 135. - 111414 25. 159. 196. 226.
841441 81. 4141411111 XXXVI.
111 841441 XXXIX. 261. 41444141. G. XVI.
811111 44. 116. 4114111141 XLIV. ¹
3114141 XXIII. 84 (1413. wesseling 13. 53. 118. 409. uz.
8111414111 35. 51. 111. 11. 245. 44 414414 27.
, 1141193486. · . 4111444143. .
S 111113. 218. 228. 411141 141144. 11. 25. 241. 37. 44.
814 44114 Β. 9. 17. 22. 32. 3161. 46. 49. 154. 157. 194. 240. 200.
. 125. 427. 437. 146. 183. 202. wolf. 416141. XXVII. -
2324 zksslel' 79· 1⁰²·

 

