lv. INDEX sempronius 31⁸1

1111111115 50. 117. 161. Xeniogenes XLlV.
Frise 1117. Koppe 979.
1111111111 (7.1. Α. 188. 111111151171,
(1111111179177. 180. Krirger 38.
Gale 190. 11611111 996.
Guilaeus 171. 1161111 11111. 198.
6111111111 1111. Lachmann 3. 135. 169.
1111111111 157. , Lampe 186. .
(1111111153. 78. Lange S. G. 1111180.
Georgius 111. Latinus Latinius 1117.
Gesner XXlV. Laurentius 965.
(1111111169. 1111111986937939. 910. ·
(1111111198. 59. 78. 79. 111511 177.
6611111161. 77. Lipsius 979.
61161 11. 117111. 83. 139. 118.1151118190191195961.
(1111111117. 101111111119.
timuissemus 711.
Grimm 8. 18. 91. 363. Lumper XLlV.
Gronovius 965. 111111 111. ¹ ’
uterus 1. 11. 11. 92· 133. 176. natiuae 11. 11. 111. 176. 111.
179. 966. 111111 73.
661111111117. 1111111111 65. 67. 58. 69. 79. 71.
6111158. 180. 188. 905. 906. 908. 900.
1111115110 11. 98. ¹ Menrgius 191. 197. 950.
1111Ιοί1 11. ‚ Meursius 51. 691 65. 997. 950. 969.
111110. 1111111. 16. - c. 199. Meyer 97. 88. 78. 995.
1111111 75. ,, Migne 1111. .
1111111111 96. Milies 96.
111111116197. 11511111 11111..
Hermann 90. 95. 38.61.79.178. 1111111111111.11.169.
179. 1111111 XXV.
11111111 81. 1111111111 37.
Heruli XXV. illevers 131. 915. 917. 970.
Heumann XXX.leMnyn011. 70.
1111116711611116. 68. 61. 65. 66. 67.· 58.
171111 368. 63. 997. 918. 916. 969. 978. 971.
111111111115.187.11611111110.11.87.59. 80. ’ ·
ningere. 6111111175· 1 .
11111111(- Perseus) 17. 8387110. 171311161111985.
111.115.189.111.Ν11111 79.78.71.170.177.178.
1111111111117. 180. 181. 193.
Hndsen 117111. 1711111111 1117111. 5. 80.
1111111817. Niebuhr B. G. 970. - 11111117.
Humphry 11111. 973.
1151111116 119. 190. Nolle 11111.
11111) 38. Nourry XV. 1171. 111 111111.
11115111 88. XLlV.119.
111161 180. 0651111136.
11111111 1117111. 10. 80. 81. 91. 05111661 XXXI.
109. 991. 011111111169. 179 178.
Karsten 131. Ostermeier 117.
11111 37. 151. 995. 976. 1116111111 XX.
1110111913. 9111111111 pps XX.
1111111111 989. Pup e 11. 90.96.31.65.100. 171.
Klein 6. 95. 88. 185. Parquet 117.
11111111 111. 918. 915. 980. Pauly 73.

 

