³⁰⁰,

Suetonius 21. 38.

811111 193.

syncellus 66. 190. 218. 271.

11111111 5. 211.

lolianus (0111111111. 011. 01) 15.
21. 29. 32. 35. 12. 19. 52. 65.
333107. 111. 210. 226. 213. 269.

7111111111111 emend. 11 1111. 92; 1.
5. 15. 21. 32. 33. 31. 30. 97. 99.
11. 13. 51. 56. 76. 77. 73. 85.
130. 132. 203. 212. 211.

1911111111 Pel. llllll.

10. 1111181 sempronius.

Theodorelus 17. 25. 97. 123. 203. 318.
Theodorus 81111. 111.
Theognis 72.
Tireophylselus 8. 278.
Thucydides 19.
1111111111 183.

0111111 123. 269.
Valentinus 131.
Virgilius 13. 263.
Xenophon 16. 191. 235.
xiphilinus 266.
1111111111 1011. 111.
Zeno 01111. 99.

2. scrupeorum recentiorum.

1111111111 59. 117. 151.

1111111 89. 90. 235.

Anger Vll.

111210. 228.

Augusti 11101.

8111111 195.

811111 161.

8111111111 81.

8111111111-011111111 111011. 80.
119. 125. 218.

Beue 79103.

81111 13.

Bernhardy 26. 53.

811111111 10.

8111] 1110.

1111 81111 0111. XXXIV.

8111 133.

811111 011.

81111111 235.

811111111011. 235. 237. 238. 212.

· 811111111121.

8111111111 38.
Brenni 38.
8111111111111125. 11.
81111111 1110111.

81111111 101.
811111 266. 267.
8111111111 263.
Bull XXIX. 80.

8111111111 5.
81111111 296. 238. 239. 210. 273.

8111111111Ρ11. 3. 51.,130. - 11.
10111. 3. 7. 21. 2811. 135. 151.
182. 272.

01111111 111110.

011111 178.
casaubonus 1110111. 261.

01111111 161. 171.
ceillier XLlV.

0111111111 155.

01111111 xxxin. ,

8110116151. 76. 81. 91. 118155.
1 1 .

Cobet 12. 2117.

1110111111 103. 132.

0111111111 116.

0111111111 11. ,

comes (10111111) 231.

0111111318.

01111111 101. 11. 12. 31. 52. 205.

01111 Sem. 118.

1101111 110111. 1111.

0111111111 28.

1111111111.

81111179.

1111111 110111. 136. 186. 210.

81111111 221.

11111111 232.

8131111111. 19. 236. ·- G. 202.

Dobreeus 209.

81111111 11111110. 38. 130. 131.
113. 233. 266. 272.

1111111 81. 118.

1111111111 35.

11 Due 1101.

1111111111.

81111261.

8111111 22. 121.

Erfurdt 21⁰.

Eschenbeoln 36.

81111110.

Fabricius 101. 52. 62. 190. 201.
201232. 231. 236.

8111111011.

8111111 11. 111.

nesure 92.

iussoslussos ,

 

