17. lodex soriplorum
iu Prolegomenis et Adooislionibos allegatorum.

h'usri desipui pagins.

1. serlprmn vetem.
(Aliquot ene-d. 111 erpi.)

16111111117.118. chalcidius 139.
111111611.1771.111. 611111111261.
11116111172.176.177.178.66111111111111 111. 16. 39. 93. 96.
Aleuinus 278. 97. 161. 169. 116.117.122. 128.
Alexander 1111. 79. 192. 318.
Ambrosios 7111. 93. 91 97. 161. coeremoniis. 191. 262.
121. 129. 611111116111.31.39.17.129.139.
111111111111. 191.-1111.1111111.267,13.
111111111117. 16. 19. 26. 29. 18. 69. 82. 91.
Apollinaris 1711 97. 169. 123. 131137166166.
Apollodorus 66167. 191. 213. 219. 266.
1111111111117.-11111211. coeremoniis.
Arrius 76. Cyprianus 7111. 1. 62. 79.
Archilochus 177. 611161117111. 26. 39. ·- 1111. 11.
111111266.Υ.111 16. 16. 169. 211.
Arislobulus 91 Dinarchus 18.
1111111611111111. 61.- 811 16161161111113.
16111111111111.186;98 166. Diodorus 66. 68.
11116111 26. 18. 62. 69. Diogenes Sin. 17. 198.- Laeti ·
Arrianus 17617. 166. 196. 191. 197. 198. 262.

· 1111111111 13. 11. 79. 86. 278266.

1111111111266. 6111111111111. 178.
11111111111(6111.1111711 711) 61111163.
3.1.ε12.11.16.1.1262829. Epiphanius enienrl 211,1111.16;
36. 31. 12. 17. 18. 66. 61. 77. p39. 62123 1391611266.
86. 96. 168. 196. 197. 211. 221. 1111111163.
223. 221 Eupolemus 117.
1111111ῑί11116. 6. 86. 131. 278. 611111161172.73.176.177.186.181.
61111611 167. Eusebius 7111711711. 111. 1. 13.
Basilius 1.6 83. 93. 91. 97. 161. 16. 21. 26. 32. 92 161131117.

166. 169.318.118.166. 167. 213. 211. 218. 263.
Bello 7111. 278. 271. 318.

Berosus 236. 273. 6111116111 89. 91. -
crisos 117. Euthymios 8.

 

